%YAML:1.0
---
model_type: PINHOLE
camera_name: camera
image_width: 848
image_height: 800
distortion_parameters:
  k1: 0.024173948896323183
  k2: -0.0436363
  p1: 0.000851559
  p2: -0.000231681

projection_parameters:
  fx: 292.662391581
  fy: 292.662391581
  cx: 432.4580047046777
  cy: 402.93517528387156
