%YAML:1.0
---
model_type: PINHOLE
camera_name: camera
image_width: 640
image_height: 480
distortion_parameters:
   k1: -0.004992137990353608
   k2: -0.0029925289106524588
   p1: 0.0004935278612593237
   p2: 0.0016688027726400238
projection_parameters:
   fx: 385.0266655931533
   fy: 385.43997595829074
   cx: 329.59267274259594
   cy: 239.83172418324614
