%YAML:1.0
---
body_T_cam0: !!opencv-matrix
   rows: 4
   cols: 4
   dt: d
   data: [ 2.3767545870000850e-02, -6.1461909792679681e-02,
       9.9782640644951581e-01, -3.3987354727999193e-02,
       -9.9924017059065551e-01, -3.2300682254057911e-02,
       2.1811634599010199e-02, 6.7097366818388307e-02,
       3.0889888981278646e-02, -9.9758663762630628e-01,
       -6.2182917173170704e-02, -9.6098724437272215e-02, 0., 0., 0., 1. ]
