%YAML:1.0
---
model_type: SCARAMUZZA
camera_name: camera
image_width: 848
image_height: 800
poly_parameters:
   p0: 74.9035917044
   p1: 0.0000000000
   p2: 0.0740742243
   p3: -0.0003108395
   p4: 0.0000009365
inverse_poly_parameters:
   p0: -447.5300510763
   p1: 1038.9923782292
   p2: -365.2034698207
   p3: -2185.4530406896
   p4: 2709.2470894335
   p5: 1098.5571611078
   p6: -3096.4928407870
   p7: 493.7703999278
   p8: 1220.8431706747
   p9: -461.0779134761
   p10: -113.2516017173
   p11: 58.7533049627
affine_parameters:
   ac: 1.0004408788
   ad: -0.0000393323
   ae: -0.0000141037
   cx: 427.7388849975
   cy: 409.2796282598

