%YAML:1.0
---
model_type: MEI
camera_name: camera
image_width: 848
image_height: 800
# mirror_parameters:
#    xi: 0.00765242233124
distortion_parameters:
   k1: -0.2594059526
   k2: -0.0126213165
   p1: 0.0003853304
   p2: -0.0005773529
projection_parameters:
   gamma1: 292.3348449000816
   gamma2: 292.6176539861987
   u0: 430.16378079260267
   v0: 407.9908288024025
