%YAML:1.0
---
model_type: SCARAMUZZA
camera_name: camera
image_width: 848
image_height: 800
poly_parameters:
   p0: 0.0092490658
   p1: 0.0000000000
   p2: 0.0012029075
   p3: -0.0000011041
   p4: -0.0000000140
inverse_poly_parameters:
   p0: 3.8775024184
   p1: 613.3848284672
   p2: -487.5972709410
   p3: -5136.1133676019
   p4: -3209.4311955901
   p5: 5277.4730748491
   p6: 3994.1120493172
   p7: -1222.7548236130
   p8: -572.4065304970
   p9: 157.0536780966
   p10: -272.2933096562
   p11: -125.8249337955
affine_parameters:
   ac: 0.9924386119
   ad: 0.0008122735
   ae: -0.0003165230
   cx: 423.0002531611
   cy: 400.1130285827
